./images\01323993-F104-4873-9F73-6F5805B1CC23.JPG 1 416 308 0 0
./images\05218824-051A-4140-B3C4-FFDE7B0B5CB7.JPG 1 434 171 36 56
./images\11DB7782-D032-4B8C-8462-0774BCC71433.JPG 1 399 255 30 49
./images\12219D0F-B16A-43CC-B310-C21DB3C9A488.JPG 1 485 231 40 52
./images\1CD12D01-E3FF-405E-AAB5-252C0624D083.JPG 1 378 227 40 69
./images\1F97FFEC-F3B4-46B9-98AB-67E2602AE970.JPG 1 301 111 41 61
./images\26F36E7F-8988-4146-8EA8-B52B00F62A7F.JPG 1 523 214 38 72
./images\4387E998-E2E9-46B6-9E51-221BB45F75D9.JPG 1 444 111 41 66
./images\44EB944F-A291-4A10-A6F2-AE15FE10CA1A.JPG 1 328 219 31 54
./images\566DA98B-6E07-4C6B-A8A3-AF5F72D8E3D8.JPG 1 427 133 38 60
./images\675EA8C9-BB48-40F4-A91F-D596D9FF1DD8.JPG 1 322 110 39 59
./images\69025B64-C86C-4E42-871E-3A6A03F680F7.JPG 1 334 299 46 92
./images\6F397CE4-40DF-4152-A529-990F4E048335.JPG 1 365 148 27 38
./images\7071B4C3-A57E-4AD0-A0D2-38BF14F7FF68.JPG 1 392 159 30 36
./images\739EC6FA-1684-4451-8BEC-5DFBC39C1F8E.JPG 1 280 125 34 55
./images\74732059-BDC4-4CA3-9BCC-D6CCC8B4EFC9.JPG 1 406 152 30 53
./images\79B80C93-BFFD-4410-9A52-302CB67C1EB7.JPG 1 420 125 38 59
./images\7B53EFFB-49D3-42BB-9E8C-0F46BC2F8358.JPG 1 450 225 38 68
./images\7D958C63-0C3D-4695-B587-05ECB64BE852.JPG 1 487 163 36 71
./images\816E9360-B867-4294-BCE1-796DE07D1C40.JPG 1 310 218 42 69
./images\A3890686-A294-4A37-9F6D-7161FB0C649F.JPG 1 358 516 67 144
./images\ABA51B5E-2622-4685-A9B3-420421C8A0F0.JPG 1 378 158 28 58
./images\B01F8402-74A0-47D4-AA2A-5F2503315CC7.JPG 1 261 223 42 76
./images\B44BCFBC-3D82-47BF-B7E2-1F14B27196BA.JPG 1 373 130 34 56
./images\BA9FE0AB-A434-44D8-A2C9-AE1D449161B8.JPG 1 398 178 32 54
./images\BB0C41AF-FACF-4944-A100-44E1998EE1BA.JPG 1 385 222 37 70
./images\C8744944-C359-48A6-AC2E-950D1C5BEA44.JPG 1 325 71 36 60
./images\C87B8A5C-7027-4DDE-BBC8-298EE0288A93.JPG 1 409 153 26 38
./images\CDD2F72D-514E-4475-88E1-EE7FFFB569CD.JPG 1 512 83 121 43
./images\D68A15DF-0AD5-4B4C-A99E-19FC68555923.JPG 1 303 119 39 56
./images\D8AB39AB-C80B-42BF-9663-E37DD50560D5.JPG 1 288 106 38 63
./images\E94016FF-3959-4A20-86A3-187DA4BBDD74.JPG 1 699 276 31 30
